step,loss,accuracy
500,1.3846646547317505,0.26
1000,1.3730677366256714,0.302
1500,1.371532678604126,0.304
2000,1.366361141204834,0.312
2500,1.359461784362793,0.323
3000,1.354283332824707,0.33
3500,1.3518754243850708,0.332
4000,1.3435570001602173,0.341
4500,1.3403090238571167,0.348
5000,1.3341662883758545,0.361
5500,1.332592487335205,0.356
6000,1.3270237445831299,0.363
6500,1.3254621028900146,0.363
7000,1.322202444076538,0.365
7500,1.3201684951782227,0.368
8000,1.3164273500442505,0.371
8500,1.3144978284835815,0.375
9000,1.3127973079681396,0.377
9500,1.3123482465744019,0.38
10000,1.3121616840362549,0.377


risultato dopo aver ricampionato a 250HZ 
step,loss,accuracy
500,1.3860465288162231,0.265
1000,1.3852972984313965,0.273
1500,1.378559947013855,0.291
2000,1.3773868083953857,0.295
2500,1.373291254043579,0.3
3000,1.3712093830108643,0.298
3500,1.360708236694336,0.318
4000,1.3514587879180908,0.333
4500,1.3484914302825928,0.341
5000,1.3417441844940186,0.338
5500,1.338273048400879,0.345
6000,1.3320790529251099,0.353
6500,1.3296533823013306,0.35
7000,1.3259440660476685,0.353
7500,1.3219417333602905,0.359
8000,1.3190982341766357,0.362
8500,1.3179125785827637,0.359
9000,1.3169649839401245,0.362
9500,1.3154985904693604,0.363
10000,1.3145157098770142,0.366